(
    (0.0 0.0 0.0)
    (95.95959595959597 0.0 0.0)
    (976.0227825367871 -3.8371531963399264 0.0)
    (5353.783980595134 -138.10659773547673 0.0)
    (9721.466938680835 -463.9393287645177 0.0)
    (14070.69320858616 -980.71030717517 0.0)
    (18393.119747238663 -1687.4282204295766 0.0)
    (22680.45492101169 -2582.737384177336 0.0)
    (26924.47441141707 -3664.9203428406827 0.0)
    (31117.036991668392 -4931.901164178765 0.0)
    (35250.100143850905 -6381.249421511437 0.0)
    (39315.73548674002 -8010.18485596332 0.0)
    (43306.143984673414 -9815.582709784776 0.0)
    (47213.670908301785 -11793.979720518853 0.0)
    (51030.8205185195 -13941.580764515815 0.0)
    (54750.27044540702 -16254.266137051065 0.0)
    (58364.88573460234 -18727.5994550811 0.0)
    (61867.73253415651 -21356.836167477944 0.0)
    (65252.091395617914 -24136.93265641672 0.0)
    (68511.47016383035 -27062.555912457752 0.0)
    (71639.61643071819 -30128.09376476324 0.0)
    (74630.5295291692 -33327.66564682439 0.0)
    (77478.47204400704 -36655.13387704712 0.0)
    (80177.98081797225 -40104.115432556886 0.0)
    (82723.87743159951 -43667.994193637816 0.0)
    (85111.27813688682 -47339.933635316476 0.0)
    (87335.60322570242 -51112.88994174621 0.0)
    (89392.58581495685 -54979.62551823265 0.0)
    (91278.28003168877 -58932.72287498296 0.0)
    (92989.06858236235 -62964.59885594342 0.0)
    (94521.66969185713 -67067.51918543287 0.0)
    (95873.14339883834 -71233.61330466496 0.0)
    (97040.89719543251 -75454.88946970113 0.0)
    (98022.69100038867 -79723.25008186963 0.0)
    (98816.64145618658 -84030.50722124506 0.0)
    (99421.22554184751 -88368.39835338834 0.0)
    (99835.28349451837 -92728.60217921948 0.0)
    (100058.021034224 -97102.7545976164 0.0)
    (100089.01088752029 -101482.46475012136 0.0)
    (99928.19360712514 -105859.33111697427 0.0)
    (99575.8776859552 -110224.9576335985 0.0)
    (99032.73896534937 -114570.96979662115 0.0)
    (98299.81933861444 -118889.03072853363 0.0)
    (97378.52475237977 -123170.85717017471 0.0)
    (96270.62250959499 -127408.23537035871 0.0)
    (94978.23787934429 -131593.0368421676 0.0)
    (93503.85001998072 -135717.23395568234 0.0)
    (91850.287223401 -139772.915337242 0.0)
    (90020.72148958368 -143752.30104569043 0.0)
    (88018.66244179825 -147647.75749649855 0.0)
    (85847.9505941575 -151451.81210513314 0.0)
    (83512.74998442785 -155157.16762158234 0.0)
    (81017.5401862302 -158756.7161285399 0.0)
    (78367.1077159537 -162243.55267639615 0.0)
    (75592.25472424534 -165627.99933206898 0.0)
    (72916.46176918823 -169084.35400061056 0.0)
    (70394.268639172 -172654.33962354815 0.0)
    (68030.49430084125 -176331.1352951257 0.0)
    (65829.65504184901 -180107.71603557875 0.0)
    (63795.955841922274 -183976.86621324046 0.0)
    (61933.28233872014 -187931.1933309118 0.0)
    (60245.1934038353 -191963.14215015565 0.0)
    (58734.91434312301 -196065.00912652825 0.0)
    (57405.330734349285 -200228.95712816837 0.0)
    (56258.98291393233 -204447.03040962137 0.0)
    (55298.061123310756 -208711.16981228997 0.0)
    (54524.40132421252 -213013.22816246861 0.0)
    (53939.48169081932 -217344.98583754158 0.0)
    (53544.41978552934 -221698.1664706041 0.0)
    (53339.970423713974 -226064.4527635006 0.0)
    (53326.524231548276 -230435.50237806665 0.0)
    (53504.106899670594 -234802.96387521407 0.0)
    (53872.37913409733 -239158.4926714032 0.0)
    (54430.63730448689 -243493.76698201787 0.0)
    (55177.81478851355 -247800.50372117967 0.0)
    (56112.4840097835 -252070.47432762338 0.0)
    (57232.859165398644 -256295.5204863964 0.0)
    (58536.79963795738 -260467.56971634386 0.0)
    (60021.814085472884 -264578.6507935975 0.0)
    (61685.065201394675 -268620.9089815992 0.0)
    (63523.37513563909 -272586.6210385621 0.0)
    (65533.231566270886 -276468.20997369295 0.0)
    (67710.79441023523 -280258.259523985 0.0)
    (70051.90316031847 -283949.52832391893 0.0)
    (72552.08483431964 -287534.9637410016 0.0)
    (75206.56252124449 -291007.71535070543 0.0)
    (78010.26450819366 -294361.14802506455 0.0)
    (80957.83397050708 -297588.8546099201 0.0)
    (84043.6392066499 -300684.66816659237 0.0)
    (87261.78439828532 -303642.67375459184 0.0)
    (90606.12087497606 -306457.21973285516 0.0)
    (94070.25886199083 -309122.92855791526 0.0)
    (97647.57968877148 -311634.7070583735 0.0)
    (101331.24843473395 -313987.7561660424 0.0)
    (105114.22698824231 -316177.58008516877 0.0)
    (108989.28749380462 -318199.9948822155 0.0)
    (112949.02616179829 -320051.13647979195 0.0)
    (116985.87741433989 -321727.4680394591 0.0)
    (121092.12834027135 -323225.786719303 0.0)
    (125259.93343164532 -324543.2297933671 0.0)
    (129481.32957355306 -325677.28012124903 0.0)
    (133748.25125865507 -326625.7709574136 0.0)
    (138052.54599734594 -327386.8900910322 0.0)
    (142385.989894109 -327959.183308439 0.0)
    (146740.30336030113 -328341.55717158876 0.0)
    (151107.1669333468 -328533.2811072077 0.0)
    (155478.2371721155 -328533.98880264524 0.0)
    (159845.16259811376 -328343.6789057604 0.0)
    (164199.59965203324 -327962.71502750524 0.0)
    (168533.22863516846 -327391.8250472004 0.0)
    (172837.76960524573 -326632.0997218304 0.0)
    (177104.99819629232 -325684.99060201534 0.0)
    (181326.7613323204 -324552.30725864135 0.0)
    (185494.99280480223 -323236.21382544807 0.0)
    (189601.7286841744 -321739.2248641796 0.0)
    (193639.12253592504 -320064.20056019817 0.0)
    (197599.46041219227 -318214.34125774156 0.0)
    (201475.17559022995 -316193.1813452629 0.0)
    (205258.8630295816 -314004.5825025384 0.0)
    (208943.29352033982 -311652.72632244293 0.0)
    (212521.4274954597 -309142.1063214919 0.0)
    (215986.42848073505 -306477.5193544137 0.0)
    (219331.6761567412 -303664.0564491566 0.0)
    (222550.77900778633 -300707.09307984076 0.0)
    (225637.58653370442 -297612.27889623976 0.0)
    (228586.2010011583 -294385.5269294156 0.0)
    (231390.9887119996 -291033.00229413016 0.0)
    (234046.5907671565 -287561.11040961975 0.0)
    (236547.93330548282 -283976.48476123734 0.0)
    (238890.23719800744 -280285.9742263456 0.0)
    (241069.0271790595 -276496.6299886774 0.0)
    (243080.14039682603 -272615.6920661634 0.0)
    (244919.7343670026 -268650.57547796925 0.0)
    (246584.29431434197 -264608.8560771702 0.0)
    (248070.63988807375 -260498.25607613256 0.0)
    (249375.9312383638 -256326.6292922579 0.0)
    (250497.6744422037 -252101.94614227835 0.0)
    (251433.72626836394 -247832.27841377485 0.0)
    (252182.29827230625 -243525.78384301355 0.0)
    (252741.96021323142 -239190.69052856666 0.0)
    (253111.64278673386 -234835.28121049667 0.0)
    (253290.63966784207 -230467.87744514176 0.0)
    (253278.60886054105 -226096.82370573783 0.0)
    (253075.5733511986 -221730.47143925395 0.0)
    (252681.92106464712 -217377.16310990544 0.0)
    (252098.4041230044 -213045.2162598277 0.0)
    (251326.13740864999 -208742.90761736815 0.0)
    (250366.59643410222 -204478.45728335713 0.0)
    (249221.61452286664 -200260.01302557375 0.0)
    (247893.37930664077 -196095.63471141213 0.0)
    (246384.4285455696 -191993.27890849285 0.0)
    (244697.64527953602 -187960.7836826419 0.0)
    (242836.25231975084 -184005.85362228117 0.0)
    (240803.80609116788 -180136.04511784573 0.0)
    (238604.18983748712 -176358.75192435036 0.0)
    (236241.60620173044 -172681.19103469315 0.0)
    (233720.56919656397 -169110.38889068348 0.0)
    (231045.89557971075 -165653.1679581436 0.0)
    (228222.69565092988 -162316.13369173073 0.0)
    (225256.36348814733 -159105.66191438644 0.0)
    (222152.566641393 -156027.88663552672 0.0)
    (218917.23530423446 -153088.6883312467 0.0)
    (215600.76804127006 -150240.9868713599 0.0)
    (212391.25695658036 -147273.6152852022 0.0)
    (209314.48687568746 -144168.82199056816 0.0)
    (206376.33635412954 -140932.53908486426 0.0)
    (203582.41909737262 -137570.94989290778 0.0)
    (200938.0732351213 -134090.47715290874 0.0)
    (198448.3511221517 -130497.7707450217 0.0)
    (196118.00968515358 -126799.69498591509 0.0)
    (193951.50133402436 -123003.31551363236 0.0)
    (191952.96545498117 -119115.88578780329 0.0)
    (190126.22050174372 -115144.83323099877 0.0)
    (188474.75669989904 -111097.74503770733 0.0)
    (187001.7293783873 -106982.35367804753 0.0)
    (185709.9529408497 -102806.52212391312 0.0)
    (184601.8954883569 -98578.2288257776 0.0)
    (183679.6741037923 -94305.55246886333 0.0)
    (182945.05080689891 -89996.65653779889 0.0)
    (182399.42918771997 -85659.77371925666 0.0)
    (182043.8517248634 -81303.19017237145 0.0)
    (181878.99779371597 -76935.2296969931 0.0)
    (181905.18236841113 -72564.23783002168 0.0)
    (182122.3554200313 -68198.56590021148 0.0)
    (182530.10201219455 -63846.55507190911 0.0)
    (183127.6430938427 -59516.5204082112 0.0)
    (183913.83698771594 -55216.73498399306 0.0)
    (184887.1815716708 -50955.41407915991 0.0)
    (186045.81714867303 -46740.69948232336 0.0)
    (187387.52999998216 -42580.64393489203 0.0)
    (188909.75661473937 -38483.195745298006 0.0)
    (190609.5885878765 -34456.18360275576 0.0)
    (192483.77817698938 -30507.30161956817 0.0)
    (194528.74450755733 -26644.094630559448 0.0)
    (196740.58041465346 -22873.943777720502 0.0)
    (199115.059908074 -19204.052407610492 0.0)
    (201647.64624662296 -15641.432308459116 0.0)
    (204333.50060612598 -12192.890313264525 0.0)
    (207167.49132461133 -8865.015294484328 0.0)
    (210144.20370699445 -5664.165575167681 0.0)
    (213257.95037053266 -2596.456780580638 0.0)
    (216502.78211128415 332.2498464638784 0.0)
    (219872.49927080874 3116.358644245929 0.0)
    (223360.66358139415 5750.550223353412 0.0)
    (226960.6104671744 8229.791630042906 0.0)
    (230665.46177763885 10549.345962329971 0.0)
    (234468.13892920272 12704.78142043512 0.0)
    (238361.37642972905 14691.979774293486 0.0)
    (242337.73576016442 16507.14423195079 0.0)
    (246389.61958676283 18146.80669381073 0.0)
    (250509.2862767462 19607.83437887485 0.0)
    (254688.86468966547 20887.435810314037 0.0)
    (258920.36921620296 21983.16614893529 0.0)
    (263195.71503568126 22892.931864354112 0.0)
    (267506.7335631285 23614.99473494714 0.0)
    (271845.1880563854 24147.97516894264 0.0)
    (276202.7893534351 24490.854840304088 0.0)
    (280571.2117098884 24642.97863436964 0.0)
    (284942.1087063635 24604.05589953109 0.0)
    (289307.129195368 24374.16100256021 0.0)
    (293657.93325721496 23953.733186521753 0.0)
    (297986.2081344862 23343.57573154434 0.0)
    (302283.6841145996 22544.85442005305 0.0)
    (306542.15033013286 21559.09530939548 0.0)
    (310753.47044671664 20388.181816117936 0.0)
    (314909.59820852306 19034.351117461392 0.0)
    (319002.5928116474 17500.189876953526 0.0)
    (323024.6340760116 15788.62930226337 0.0)
    (326968.0373867995 13902.939544760942 0.0)
    (330825.26837687846 11846.723451482512 0.0)
    (334588.9573221538 9623.909681439136 0.0)
    (338251.913222352 7238.745199419941 0.0)
    (341807.13754032936 4695.787161633234 0.0)
    (345247.83757365646 1999.894208686942 0.0)
    (348567.4394329283 -843.7828174540073 0.0)
    (351759.6006020055 -3829.8107147981227 0.0)
    (354818.2220561884 -6952.484302141829 0.0)
    (357737.4599151687 -10205.837319534612 0.0)
    (360511.73660849687 -13583.653827567423 0.0)
    (363135.7515322305 -17079.480083705585 0.0)
    (365604.4911764043 -20686.636872974326 0.0)
    (367913.2387039694 -24398.232269437085 0.0)
    (370057.58296290366 -28207.17480408607 0.0)
    (372033.42691427085 -32106.18701398339 0.0)
    (373836.9954601281 -36087.81934676806 0.0)
    (375464.84265632456 -40144.46439396131 0.0)
    (376913.8582964104 -44268.37142587524 0.0)
    (378181.27385407634 -48451.66120035526 0.0)
    (379264.6677727714 -52686.34101706127 0.0)
    (380161.9700923901 -56964.319988525334 0.0)
    (380871.46640419157 -61277.42449880815 0.0)
    (381391.8011263926 -65617.41382021835 0.0)
    (381721.98009417654 -69975.99585825735 0.0)
    (381861.37245917047 -74344.84299470685 0.0)
    (381809.7118947599 -78715.60799858975 0.0)
    (381567.0971049392 -83079.9399746019 0.0)
    (381133.9916357256 -87429.50031854701 0.0)
    (380511.2229894956 -91755.97864928609 0.0)
    (379699.98104393866 -96051.10868676478 0.0)
    (378701.81577864586 -100306.68404577849 0.0)
    (377518.63431367936 -104514.57391530248 0.0)
    (376152.69726578053 -108666.7385934264 0.0)
    (374606.6144291772 -112755.24484821463 0.0)
    (372883.33978924446 -116772.28107514206 0.0)
    (370986.16587854485 -120710.17222214484 0.0)
    (368918.7174860311 -124561.39445377144 0.0)
    (366684.9447314322 -128318.58952641455 0.0)
    (364289.1155180533 -131974.57884715972 0.0)
    (361735.8073784108 -135522.37718938806 0.0)
    (359029.89872828196 -138955.20603892888 0.0)
    (356270.2368578195 -142345.1111431615 0.0)
    (353655.2865617313 -145847.72309455878 0.0)
    (351195.89942231175 -149461.26297001884 0.0)
    (348896.7744074747 -153178.82664791768 0.0)
    (346762.30428422376 -156993.31125609632 0.0)
    (344796.56722571934 -160897.4287427896 0.0)
    (343003.3190194163 -164883.7198013644 0.0)
    (341385.98589116114 -168944.56812226126 0.0)
    (339947.65795895684 -173072.21494491014 0.0)
    (338691.0833289049 -177258.77388181665 0.0)
    (337618.6628446029 -181496.24598649557 0.0)
    (336732.44550003216 -185776.5350364622 0.0)
    (336034.12452469696 -190091.46300208216 0.0)
    (335525.0341484973 -194432.78567172366 0.0)
    (335206.14705251466 -198792.20840335893 0.0)
    (335078.07251058344 -203161.40197251918 0.0)
    (335141.0552251961 -207532.01848632388 0.0)
    (335394.97485996876 -211895.707333178 0.0)
    (335839.34626955865 -216244.13113766414 0.0)
    (336473.3204265955 -220568.98169014475 0.0)
    (337295.68604385474 -224861.99582064006 0.0)
    (338304.8718885738 -229114.97118665156 0.0)
    (339498.9497844898 -233319.78194476746 0.0)
    (340875.6382958621 -237468.39427610644 0.0)
    (342432.3070864421 -241552.88173593744 0.0)
    (344165.9819450602 -245565.44039814762 0.0)
    (346073.3504682306 -249498.4037656227 0.0)
    (348150.76838891325 -253344.25741805267 0.0)
    (350394.26653934404 -257095.6533691748 0.0)
    (352799.558434628 -260745.42410602444 0.0)
    (355362.0484626068 -264286.5962833679 0.0)
    (358076.8406643529 -267712.4040471546 0.0)
    (360938.7480885136 -271016.3019615303 0.0)
    (363942.30270163325 -274191.9775147142 0.0)
    (367081.76583551726 -277233.3631798454 0.0)
    (370351.13915167825 -280134.6480077547 0.0)
    (373744.17610191513 -282890.2887295124 0.0)
    (377254.39386312745 -285495.02034753986 0.0)
    (380875.085723563 -287943.86619504815 0.0)
    (384599.33389683254 -290232.14744458476 0.0)
    (388420.02273920935 -292355.49204752134 0.0)
    (392329.8523449599 -294309.8430874009 0.0)
    (396321.3524937305 -296091.46653118666 0.0)
    (400386.89692334074 -297696.9583636004 0.0)
    (404518.71790071536 -299123.2510909217 0.0)
    (408708.92106311326 -300367.61960181897 0.0)
    (412949.5005012988 -301427.6863740178 0.0)
    (417232.3540558366 -302301.4260168548 0.0)
    (421549.2987972843 -302987.1691410416 0.0)
    (425892.08666070673 -303483.60554824205 0.0)
    (430252.4202046392 -303789.7867343709 0.0)
    (434621.96846439195 -303905.1277018301 0.0)
    (438992.38286940334 -303829.40807721985 0.0)
    (443355.31319423264 -303562.7725323898 0.0)
    (447702.423512714 -303105.7305080253 0.0)
    (452025.4081247898 -302459.1552402971 0.0)
    (456316.00742559385 -301624.28209243383 0.0)
    (460566.0236864627 -300602.70619440544 0.0)
    (464767.33671772655 -299396.3793952276 0.0)
    (468911.9193833504 -298007.6065337083 0.0)
    (472991.85293778556 -296439.04103476444 0.0)
    (476999.34215572703 -294693.67983972054 0.0)
    (480926.7302258704 -292774.85768027534 0.0)
    (484766.5133802111 -290686.2407070792 0.0)
    (488511.35523093544 -288431.819485092 0.0)
    (492154.1007875102 -286015.90136910847 0.0)
    (495687.79012719076 -283443.10227401566 0.0)
    (499105.6716928273 -280718.33785550826 0.0)
    (502401.2151925624 -277846.814118111 0.0)
    (505568.12407677335 -274834.0174684534 0.0)
    (508600.347568421 -271685.7042328012 0.0)
    (511492.0922238189 -268407.8896588724 0.0)
    (514237.83300173475 -265006.8364229508 0.0)
    (516832.3238196755 -261489.04266425726 0.0)
    (519270.60757718654 -257861.22956943826 0.0)
    (521548.0256270147 -254130.32853089552 0.0)
    (523660.2266760383 -250303.46790349012 0.0)
    (525603.1750989594 -246387.95938492566 0.0)
    (527373.1586488723 -242391.28404583197 0.0)
    (528966.7955499777 -238321.07803624013 0.0)
    (530381.0409588898 -234185.11799575936 0.0)
    (531613.1927821912 -229991.3061953304 0.0)
    (532660.8968391235 -225747.655438945 0.0)
    (533522.1513595424 -221462.27375417756 0.0)
    (534195.3108085538 -217143.34890078072 0.0)
    (534679.0890305128 -212799.13272694222 0.0)
    (534972.5617063865 -208437.92540309278 0.0)
    (535075.1681197811 -204068.0595633887 0.0)
    (534986.7122282612 -199697.88438516777 0.0)
    (534707.3630379135 -195335.74963679808 0.0)
    (534237.6542804394 -190989.98972439673 0.0)
    (533578.4833933936 -186668.90776790102 0.0)
    (532731.1098055168 -182380.75973691474 0.0)
    (531697.1525304391 -178133.73867664242 0.0)
    (530478.5870733515 -173935.95905404727 0.0)
    (529077.7416565546 -169795.44125414328 0.0)
    (527497.292771098 -165720.096256043 0.0)
    (525740.2600630079 -161717.71051803825 0.0)
    (523810.0005638744 -157795.93110059432 0.0)
    (521710.202276821 -153962.2510556805 0.0)
    (519444.87713011185 -150223.99511035386 0.0)
    (517018.3533118588 -146588.30567194853 0.0)
    (514435.2670004745 -143062.12918160917 0.0)
    (511700.55350667215 -139652.20284224383 0.0)
    (508819.4378439339 -136365.04174625137 0.0)
    (505797.4247454669 -133206.92642761965 0.0)
    (502640.2881467196 -130183.89086217662 0.0)
    (499354.06015355303 -127301.7109389224 0.0)
    (496067.8321603863 -124419.53101566815 0.0)
    (492910.6955616391 -121396.4954502252 0.0)
    (489888.6824631721 -118238.38013159343 0.0)
    (487007.56680043385 -114951.21903560094 0.0)
    (484272.85330663156 -111541.29269623561 0.0)
    (481689.7669952473 -108015.11620589624 0.0)
    (479263.2431769942 -104379.42676749085 0.0)
    (476997.91803028504 -100641.17082216428 0.0)
    (474898.1197432317 -96807.49077725052 0.0)
    (472967.8602440981 -92885.71135980653 0.0)
    (471210.82753600803 -88883.32562180178 0.0)
    (469630.37865055137 -84807.98062370146 0.0)
    (468229.5332337545 -80667.46282379754 0.0)
    (467010.9677766669 -76469.68320120232 0.0)
    (465977.0105015893 -72222.66214093004 0.0)
    (465129.6369137125 -67934.5141099438 0.0)
    (464470.4660266666 -63613.43215344801 0.0)
    (464000.7572691926 -59267.67224104668 0.0)
    (463721.4080788449 -54905.537492676944 0.0)
    (463632.952187325 -50535.36231445613 0.0)
    (463735.55860071955 -46165.49647475201 0.0)
    (464029.0312765932 -41804.28915090258 0.0)
    (464512.8094985523 -37460.07297706403 0.0)
    (465185.96894756367 -33141.1481236672 0.0)
    (466047.2234679827 -28855.766438899765 0.0)
    (467094.9275249147 -24612.115682514377 0.0)
    (468327.0793482163 -20418.303882085456 0.0)
    (469741.3247571283 -16282.343841604643 0.0)
    (471334.9616582337 -12212.137832012877 0.0)
    (473104.94520814664 -8215.462492919096 0.0)
    (475047.89363106777 -4299.953974354639 0.0)
    (477160.0946800913 -473.0933469492129 0.0)
    (479437.5127299195 3257.807691593507 0.0)
    (481875.7964874306 6885.62078641246 0.0)
    (484470.2873053714 10403.414545106058 0.0)
    (487216.0280832872 13804.467781027575 0.0)
    (490107.7727386851 17082.28235495642 0.0)
    (493139.9962303327 20230.59559060855 0.0)
    (496306.9051145437 23243.392240266166 0.0)
    (499602.44861427875 26114.915977663462 0.0)
    (503020.33017991524 28839.680396170887 0.0)
    (506554.01951959584 31412.479491263686 0.0)
    (510196.7650761706 33828.397607247185 0.0)
    (513941.6069268949 36082.818829234384 0.0)
    (517781.3900812356 38171.435802430555 0.0)
    (521708.7781513791 40090.25796187566 0.0)
    (525716.2673693205 41835.61915691962 0.0)
    (529796.2009237556 43404.18465586344 0.0)
    (533940.7835893795 44792.957517382776 0.0)
    (538142.0966206433 45999.28431656067 0.0)
    (542392.1128815123 47020.86021458899 0.0)
    (546682.7121823162 47855.73336245227 0.0)
    (551005.6967943921 48502.30863018053 0.0)
    (555352.8071128734 48959.35065454501 0.0)
    (559715.7374377027 49225.98619937503 0.0)
    (564086.1518427142 49301.70582398532 0.0)
    (568455.7001024669 49186.36485652612 0.0)
    (572816.0336463993 48880.18367039722 0.0)
    (577158.8215098216 48383.747263196776 0.0)
    (581475.7662512694 47698.00413901002 0.0)
    (585758.6198058072 46824.26449617294 0.0)
    (589999.1992439928 45764.19772397417 0.0)
    (594189.4024063906 44519.829213076875 0.0)
    (598321.2233837653 43093.536485755656 0.0)
    (602386.7678133757 41488.04465334183 0.0)
    (606378.2679621461 39706.42120955611 0.0)
    (610288.0975678967 37752.07016967654 0.0)
    (614108.7864102735 35628.725566739966 0.0)
    (617833.0345835431 33340.444317203284 0.0)
    (621453.7264439787 30891.598469695055 0.0)
    (624963.9442051909 28286.86685166765 0.0)
    (628356.9811554278 25531.22612990992 0.0)
    (631626.3544715889 22629.94130200061 0.0)
    (634765.8176054728 19588.555636869343 0.0)
    (637769.3722185924 16412.880083685468 0.0)
    (640631.2796427532 13108.982169309751 0.0)
    (643346.0718444992 9683.174405523117 0.0)
    (645908.561872478 6142.002228179604 0.0)
    (648313.853767762 2492.2314913299488 0.0)
    (650557.3519181928 -1259.1644597921686 0.0)
    (652634.7698388754 -5105.0181122220465 0.0)
    (654542.1383620459 -9037.981479697191 0.0)
    (656275.8132206639 -13050.540141907368 0.0)
    (657832.4820112439 -17135.02760173835 0.0)
    (659209.1705226162 -21283.63993307735 0.0)
    (660403.2484185323 -25488.450691193226 0.0)
    (661412.4342632513 -29741.426057204786 0.0)
    (662234.7998805105 -34034.44018770014 0.0)
    (662868.7740375473 -38359.29074018067 0.0)
    (663313.1454471373 -42707.71454466673 0.0)
    (663567.0650819098 -47071.4033915209 0.0)
    (663630.0477965225 -51442.01990532564 0.0)
    (663501.9732545913 -55811.21347448585 0.0)
    (663183.0861586088 -60170.63620612116 0.0)
    (662673.9957824091 -64511.95887576259 0.0)
    (661975.6748070739 -68826.88684138263 0.0)
    (661089.4574625032 -73107.1758913493 0.0)
    (660017.0369782012 -77344.64799602813 0.0)
    (658760.4623481492 -81531.20693293471 0.0)
    (657322.1344159448 -85658.85375558352 0.0)
    (655704.8012876897 -89719.70207648042 0.0)
    (653911.5530813867 -93705.99313505516 0.0)
    (651945.8160228822 -97610.1106217485 0.0)
    (649811.3458996314 -101424.59522992709 0.0)
    (647512.2208847943 -105142.158907826 0.0)
    (645052.8337453747 -108755.69878328606 0.0)
    (642437.8834492866 -112258.3107346833 0.0)
)
