(
    (0.0 0.0 0.0)
    (0.0 0.0 0.0009595959595959597)
    (0.0 -3.8371531963399264e-05 0.009760227825367871)
    (0.0 -0.0013810659773547673 0.053537839805951344)
    (0.0 -0.004639393287645177 0.09721466938680835)
    (0.0 -0.0098071030717517 0.1407069320858616)
    (0.0 -0.01687428220429577 0.18393119747238662)
    (0.0 -0.02582737384177336 0.22680454921011692)
    (0.0 -0.03664920342840683 0.2692447441141707)
    (0.0 -0.04931901164178765 0.3111703699166839)
    (0.0 -0.06381249421511437 0.35250100143850904)
    (0.0 -0.0801018485596332 0.3931573548674002)
    (0.0 -0.09815582709784776 0.4330614398467341)
    (0.0 -0.11793979720518855 0.4721367090830178)
    (0.0 -0.13941580764515815 0.510308205185195)
    (0.0 -0.16254266137051065 0.5475027044540702)
    (0.0 -0.18727599455081104 0.5836488573460235)
    (0.0 -0.21356836167477947 0.618677325341565)
    (0.0 -0.2413693265641672 0.6525209139561792)
    (0.0 -0.27062555912457753 0.6851147016383035)
    (0.0 -0.3012809376476324 0.716396164307182)
    (0.0 -0.33327665646824395 0.746305295291692)
    (0.0 -0.3665513387704712 0.7747847204400704)
    (0.0 -0.40104115432556886 0.8017798081797225)
    (0.0 -0.43667994193637816 0.8272387743159951)
    (0.0 -0.4733993363531648 0.8511127813688681)
    (0.0 -0.5111288994174621 0.8733560322570243)
    (0.0 -0.5497962551823266 0.8939258581495685)
    (0.0 -0.5893272287498296 0.9127828003168877)
    (0.0 -0.6296459885594342 0.9298906858236234)
    (0.0 -0.6706751918543288 0.9452166969185712)
    (0.0 -0.7123361330466496 0.9587314339883835)
    (0.0 -0.7545488946970114 0.9704089719543252)
    (0.0 -0.7972325008186963 0.9802269100038867)
    (0.0 -0.8403050722124507 0.9881664145618658)
    (0.0 -0.8836839835338834 0.9942122554184751)
    (0.0 -0.9272860217921948 0.9983528349451838)
    (0.0 -0.971027545976164 1.00058021034224)
    (0.0 -1.0148246475012137 1.000890108875203)
    (0.0 -1.0585933111697428 0.9992819360712514)
    (0.0 -1.102249576335985 0.9957587768595519)
    (0.0 -1.1457096979662116 0.9903273896534938)
    (0.0 -1.1888903072853363 0.9829981933861445)
    (0.0 -1.231708571701747 0.9737852475237978)
    (0.0 -1.2740823537035872 0.9627062250959499)
    (0.0 -1.315930368421676 0.949782378793443)
    (0.0 -1.3571723395568236 0.9350385001998073)
    (0.0 -1.39772915337242 0.9185028722340101)
    (0.0 -1.4375230104569043 0.9002072148958369)
    (0.0 -1.4764775749649854 0.8801866244179826)
    (0.0 -1.5145181210513314 0.858479505941575)
    (0.0 -1.5515716762158234 0.8351274998442786)
    (0.0 -1.5875671612853992 0.8101754018623021)
    (0.0 -1.6224355267639616 0.783671077159537)
    (0.0 -1.6562799933206898 0.7559225472424534)
    (0.0 -1.6908435400061055 0.7291646176918823)
    (0.0 -1.7265433962354817 0.7039426863917201)
    (0.0 -1.7633113529512572 0.6803049430084125)
    (0.0 -1.8010771603557876 0.6582965504184901)
    (0.0 -1.8397686621324048 0.6379595584192227)
    (0.0 -1.8793119333091182 0.6193328233872014)
    (0.0 -1.9196314215015564 0.602451934038353)
    (0.0 -1.9606500912652827 0.5873491434312301)
    (0.0 -2.002289571281684 0.5740533073434929)
    (0.0 -2.0444703040962136 0.5625898291393232)
    (0.0 -2.0871116981228997 0.5529806112331076)
    (0.0 -2.1301322816246864 0.5452440132421252)
    (0.0 -2.173449858375416 0.5393948169081932)
    (0.0 -2.216981664706041 0.5354441978552934)
    (0.0 -2.260644527635006 0.5333997042371398)
    (0.0 -2.304355023780667 0.5332652423154828)
    (0.0 -2.348029638752141 0.5350410689967059)
    (0.0 -2.391584926714032 0.5387237913409734)
    (0.0 -2.4349376698201786 0.544306373044869)
    (0.0 -2.4780050372117968 0.5517781478851355)
    (0.0 -2.5207047432762337 0.561124840097835)
    (0.0 -2.562955204863964 0.5723285916539864)
    (0.0 -2.604675697163439 0.5853679963795738)
    (0.0 -2.645786507935975 0.6002181408547289)
    (0.0 -2.6862090898159923 0.6168506520139467)
    (0.0 -2.725866210385621 0.6352337513563909)
    (0.0 -2.7646820997369295 0.6553323156627089)
    (0.0 -2.8025825952398495 0.6771079441023523)
    (0.0 -2.8394952832391893 0.7005190316031847)
    (0.0 -2.875349637410016 0.7255208483431964)
    (0.0 -2.9100771535070544 0.7520656252124449)
    (0.0 -2.9436114802506457 0.7801026450819367)
    (0.0 -2.975888546099201 0.8095783397050709)
    (0.0 -3.006846681665924 0.8404363920664989)
    (0.0 -3.0364267375459186 0.8726178439828534)
    (0.0 -3.064572197328552 0.9060612087497606)
    (0.0 -3.091229285579153 0.9407025886199083)
    (0.0 -3.116347070583735 0.9764757968877149)
    (0.0 -3.1398775616604238 1.0133124843473396)
    (0.0 -3.1617758008516876 1.051142269882423)
    (0.0 -3.1819999488221553 1.089892874938046)
    (0.0 -3.2005113647979195 1.129490261617983)
    (0.0 -3.2172746803945906 1.169858774143399)
    (0.0 -3.23225786719303 1.2109212834027134)
    (0.0 -3.2454322979336707 1.2525993343164532)
    (0.0 -3.2567728012124904 1.2948132957355305)
    (0.0 -3.2662577095741363 1.3374825125865508)
    (0.0 -3.2738689009103217 1.3805254599734595)
    (0.0 -3.27959183308439 1.4238598989410898)
    (0.0 -3.2834155717158873 1.4674030336030115)
    (0.0 -3.285332811072077 1.511071669333468)
    (0.0 -3.285339888026453 1.554782371721155)
    (0.0 -3.283436789057604 1.5984516259811377)
    (0.0 -3.2796271502750525 1.6419959965203326)
    (0.0 -3.2739182504720037 1.6853322863516846)
    (0.0 -3.2663209972183043 1.7283776960524575)
    (0.0 -3.2568499060201535 1.771049981962923)
    (0.0 -3.2455230725864137 1.813267613323204)
    (0.0 -3.232362138254481 1.8549499280480222)
    (0.0 -3.217392248641796 1.896017286841744)
    (0.0 -3.2006420056019818 1.9363912253592503)
    (0.0 -3.1821434125774153 1.9759946041219227)
    (0.0 -3.1619318134526293 2.0147517559022994)
    (0.0 -3.140045825025384 2.052588630295816)
    (0.0 -3.11652726322443 2.0894329352033982)
    (0.0 -3.091421063214919 2.125214274954597)
    (0.0 -3.0647751935441367 2.1598642848073504)
    (0.0 -3.0366405644915657 2.193316761567412)
    (0.0 -3.0070709307984074 2.2255077900778635)
    (0.0 -2.976122788962398 2.256375865337044)
    (0.0 -2.943855269294156 2.2858620100115834)
    (0.0 -2.910330022941302 2.3139098871199963)
    (0.0 -2.875611104096198 2.3404659076715655)
    (0.0 -2.8397648476123734 2.3654793330548283)
    (0.0 -2.8028597422634562 2.3889023719800746)
    (0.0 -2.764966299886774 2.410690271790595)
    (0.0 -2.726156920661634 2.4308014039682604)
    (0.0 -2.6865057547796924 2.449197343670026)
    (0.0 -2.6460885607717017 2.4658429431434197)
    (0.0 -2.6049825607613255 2.480706398880738)
    (0.0 -2.563266292922579 2.493759312383638)
    (0.0 -2.5210194614227834 2.504976744422037)
    (0.0 -2.4783227841377484 2.5143372626836396)
    (0.0 -2.4352578384301355 2.5218229827230627)
    (0.0 -2.3919069052856665 2.5274196021323143)
    (0.0 -2.3483528121049666 2.531116427867339)
    (0.0 -2.3046787744514177 2.532906396678421)
    (0.0 -2.2609682370573783 2.5327860886054103)
    (0.0 -2.2173047143925397 2.530755733511986)
    (0.0 -2.1737716310990547 2.526819210646471)
    (0.0 -2.130452162598277 2.520984041230044)
    (0.0 -2.087429076173682 2.5132613740865)
    (0.0 -2.044784572833571 2.503665964341022)
    (0.0 -2.0026001302557375 2.4922161452286664)
    (0.0 -1.9609563471141214 2.4789337930664077)
    (0.0 -1.9199327890849287 2.4638442854556963)
    (0.0 -1.8796078368264189 2.44697645279536)
    (0.0 -1.8400585362228117 2.4283625231975083)
    (0.0 -1.8013604511784573 2.4080380609116787)
    (0.0 -1.7635875192435038 2.3860418983748715)
    (0.0 -1.7268119103469317 2.3624160620173043)
    (0.0 -1.6911038889068348 2.33720569196564)
    (0.0 -1.656531679581436 2.310458955797108)
    (0.0 -1.6231613369173075 2.282226956509299)
    (0.0 -1.5910566191438644 2.2525636348814735)
    (0.0 -1.5602788663552674 2.22152566641393)
    (0.0 -1.5308868833124671 2.189172353042345)
    (0.0 -1.5024098687135992 2.1560076804127006)
    (0.0 -1.472736152852022 2.1239125695658037)
    (0.0 -1.4416882199056815 2.0931448687568746)
    (0.0 -1.4093253908486425 2.0637633635412955)
    (0.0 -1.375709498929078 2.0358241909737265)
    (0.0 -1.3409047715290874 2.0093807323512127)
    (0.0 -1.304977707450217 1.9844835112215171)
    (0.0 -1.2679969498591508 1.9611800968515358)
    (0.0 -1.2300331551363235 1.9395150133402437)
    (0.0 -1.191158857878033 1.9195296545498117)
    (0.0 -1.1514483323099878 1.9012622050174373)
    (0.0 -1.1109774503770733 1.8847475669989904)
    (0.0 -1.0698235367804754 1.870017293783873)
    (0.0 -1.0280652212391312 1.8570995294084969)
    (0.0 -0.9857822882577759 1.8460189548835693)
    (0.0 -0.9430555246886334 1.836796741037923)
    (0.0 -0.8999665653779889 1.8294505080689891)
    (0.0 -0.8565977371925666 1.8239942918771996)
    (0.0 -0.8130319017237145 1.8204385172486341)
    (0.0 -0.7693522969699311 1.81878997793716)
    (0.0 -0.7256423783002168 1.8190518236841113)
    (0.0 -0.6819856590021148 1.821223554200313)
    (0.0 -0.6384655507190911 1.8253010201219457)
    (0.0 -0.595165204082112 1.831276430938427)
    (0.0 -0.5521673498399305 1.8391383698771595)
    (0.0 -0.5095541407915991 1.8488718157167081)
    (0.0 -0.4674069948232336 1.8604581714867303)
    (0.0 -0.4258064393489203 1.8738752999998214)
    (0.0 -0.3848319574529801 1.8890975661473939)
    (0.0 -0.3445618360275576 1.9060958858787649)
    (0.0 -0.3050730161956817 1.9248377817698938)
    (0.0 -0.2664409463055945 1.9452874450755733)
    (0.0 -0.228739437777205 1.9674058041465345)
    (0.0 -0.19204052407610495 1.99115059908074)
    (0.0 -0.15641432308459116 2.0164764624662297)
    (0.0 -0.12192890313264525 2.04333500606126)
    (0.0 -0.08865015294484328 2.071674913246113)
    (0.0 -0.05664165575167681 2.1014420370699445)
    (0.0 -0.025964567805806384 2.1325795037053266)
    (0.0 0.0033224984646387837 2.1650278211128415)
    (0.0 0.03116358644245929 2.1987249927080876)
    (0.0 0.057505502233534116 2.2336066358139415)
    (0.0 0.08229791630042906 2.269606104671744)
    (0.0 0.10549345962329972 2.3066546177763887)
    (0.0 0.1270478142043512 2.344681389292027)
    (0.0 0.14691979774293487 2.3836137642972903)
    (0.0 0.16507144231950793 2.423377357601644)
    (0.0 0.18146806693810733 2.4638961958676284)
    (0.0 0.1960783437887485 2.5050928627674622)
    (0.0 0.20887435810314037 2.546888646896655)
    (0.0 0.21983166148935288 2.58920369216203)
    (0.0 0.22892931864354113 2.6319571503568127)
    (0.0 0.2361499473494714 2.675067335631285)
    (0.0 0.2414797516894264 2.718451880563854)
    (0.0 0.24490854840304088 2.7620278935343507)
    (0.0 0.2464297863436964 2.8057121170988846)
    (0.0 0.2460405589953109 2.849421087063635)
    (0.0 0.2437416100256021 2.89307129195368)
    (0.0 0.23953733186521756 2.93657933257215)
    (0.0 0.23343575731544344 2.979862081344862)
    (0.0 0.22544854420053048 3.0228368411459963)
    (0.0 0.2155909530939548 3.065421503301329)
    (0.0 0.20388181816117937 3.107534704467166)
    (0.0 0.19034351117461393 3.1490959820852304)
    (0.0 0.17500189876953529 3.1900259281164742)
    (0.0 0.1578862930226337 3.230246340760116)
    (0.0 0.13902939544760942 3.269680373867995)
    (0.0 0.11846723451482513 3.3082526837687847)
    (0.0 0.09623909681439136 3.345889573221538)
    (0.0 0.07238745199419941 3.3825191322235195)
    (0.0 0.046957871616332345 3.4180713754032936)
    (0.0 0.01999894208686942 3.452478375736565)
    (0.0 -0.008437828174540073 3.485674394329283)
    (0.0 -0.03829810714798123 3.5175960060200553)
    (0.0 -0.06952484302141829 3.5481822205618836)
    (0.0 -0.10205837319534612 3.577374599151687)
    (0.0 -0.13583653827567424 3.6051173660849685)
    (0.0 -0.17079480083705584 3.631357515322305)
    (0.0 -0.2068663687297433 3.656044911764043)
    (0.0 -0.24398232269437087 3.679132387039694)
    (0.0 -0.2820717480408607 3.7005758296290368)
    (0.0 -0.3210618701398339 3.720334269142709)
    (0.0 -0.36087819346768063 3.738369954601281)
    (0.0 -0.4014446439396131 3.7546484265632456)
    (0.0 -0.4426837142587524 3.769138582964104)
    (0.0 -0.4845166120035526 3.7818127385407636)
    (0.0 -0.5268634101706128 3.792646677727714)
    (0.0 -0.5696431998852534 3.801619700923901)
    (0.0 -0.6127742449880815 3.808714664041916)
    (0.0 -0.6561741382021835 3.813918011263926)
    (0.0 -0.6997599585825734 3.8172198009417655)
    (0.0 -0.7434484299470685 3.818613724591705)
    (0.0 -0.7871560799858974 3.818097118947599)
    (0.0 -0.830799399746019 3.8156709710493923)
    (0.0 -0.8742950031854702 3.8113399163572557)
    (0.0 -0.917559786492861 3.805112229894956)
    (0.0 -0.9605110868676479 3.7969998104393867)
    (0.0 -1.0030668404577847 3.787018157786459)
    (0.0 -1.0451457391530248 3.775186343136794)
    (0.0 -1.0866673859342642 3.7615269726578053)
    (0.0 -1.1275524484821462 3.746066144291772)
    (0.0 -1.1677228107514206 3.7288333978924446)
    (0.0 -1.2071017222214484 3.7098616587854485)
    (0.0 -1.2456139445377143 3.689187174860311)
    (0.0 -1.2831858952641455 3.666849447314322)
    (0.0 -1.319745788471597 3.6428911551805334)
    (0.0 -1.3552237718938807 3.6173580737841085)
    (0.0 -1.3895520603892888 3.5902989872828197)
    (0.0 -1.423451111431615 3.562702368578195)
    (0.0 -1.4584772309455878 3.5365528656173133)
    (0.0 -1.4946126297001883 3.5119589942231175)
    (0.0 -1.5317882664791769 3.488967744074747)
    (0.0 -1.569933112560963 3.467623042842238)
    (0.0 -1.608974287427896 3.447965672257193)
    (0.0 -1.648837198013644 3.4300331901941625)
    (0.0 -1.6894456812226126 3.4138598589116116)
    (0.0 -1.7307221494491014 3.3994765795895687)
    (0.0 -1.7725877388181666 3.3869108332890487)
    (0.0 -1.8149624598649556 3.376186628446029)
    (0.0 -1.857765350364622 3.3673244550003214)
    (0.0 -1.9009146300208217 3.36034124524697)
    (0.0 -1.9443278567172366 3.3552503414849726)
    (0.0 -1.9879220840335894 3.3520614705251464)
    (0.0 -2.031614019725192 3.3507807251058344)
    (0.0 -2.075320184863239 3.3514105522519615)
    (0.0 -2.11895707333178 3.3539497485996876)
    (0.0 -2.162441311376641 3.3583934626955867)
    (0.0 -2.2056898169014474 3.364733204265955)
    (0.0 -2.2486199582064006 3.3729568604385474)
    (0.0 -2.291149711866516 3.3830487188857377)
    (0.0 -2.333197819447675 3.3949894978448985)
    (0.0 -2.3746839427610644 3.4087563829586216)
    (0.0 -2.4155288173593745 3.424323070864421)
    (0.0 -2.4556544039814763 3.441659819450602)
    (0.0 -2.494984037656227 3.460733504682306)
    (0.0 -2.5334425741805267 3.481507683889133)
    (0.0 -2.570956533691748 3.5039426653934407)
    (0.0 -2.6074542410602444 3.5279955843462805)
    (0.0 -2.642865962833679 3.553620484626068)
    (0.0 -2.6771240404715457 3.5807684066435286)
    (0.0 -2.710163019615303 3.609387480885136)
    (0.0 -2.7419197751471422 3.6394230270163326)
    (0.0 -2.772333631798454 3.6708176583551726)
    (0.0 -2.801346480077547 3.7035113915167828)
    (0.0 -2.8289028872951243 3.7374417610191513)
    (0.0 -2.854950203475399 3.7725439386312747)
    (0.0 -2.8794386619504815 3.8087508572356303)
    (0.0 -2.902321474445847 3.8459933389683254)
    (0.0 -2.923554920475213 3.8842002273920935)
    (0.0 -2.943098430874009 3.923298523449599)
    (0.0 -2.9609146653118663 3.9632135249373053)
    (0.0 -2.9769695836360044 4.003868969233407)
    (0.0 -2.991232510909217 4.045187179007153)
    (0.0 -3.0036761960181897 4.087089210631133)
    (0.0 -3.014276863740178 4.129495005012989)
    (0.0 -3.023014260168548 4.1723235405583665)
    (0.0 -3.0298716914104156 4.215492987972843)
    (0.0 -3.0348360554824203 4.258920866607068)
    (0.0 -3.0378978673437094 4.302524202046392)
    (0.0 -3.0390512770183014 4.346219684643919)
    (0.0 -3.0382940807721983 4.389923828694034)
    (0.0 -3.0356277253238977 4.433553131942326)
    (0.0 -3.031057305080253 4.47702423512714)
    (0.0 -3.024591552402971 4.520254081247899)
    (0.0 -3.016242820924338 4.563160074255939)
    (0.0 -3.0060270619440543 4.605660236864627)
    (0.0 -2.993963793952276 4.647673367177266)
    (0.0 -2.980076065337083 4.689119193833505)
    (0.0 -2.964390410347644 4.729918529377856)
    (0.0 -2.9469367983972052 4.76999342155727)
    (0.0 -2.927748576802754 4.8092673022587045)
    (0.0 -2.906862407070792 4.847665133802111)
    (0.0 -2.8843181948509202 4.885113552309354)
    (0.0 -2.8601590136910846 4.921541007875102)
    (0.0 -2.834431022740157 4.956877901271908)
    (0.0 -2.8071833785550826 4.991056716928274)
    (0.0 -2.7784681411811096 5.024012151925624)
    (0.0 -2.7483401746845337 5.055681240767734)
    (0.0 -2.7168570423280123 5.08600347568421)
    (0.0 -2.684078896588724 5.114920922238189)
    (0.0 -2.650068364229508 5.142378330017348)
    (0.0 -2.6148904266425728 5.168323238196755)
    (0.0 -2.578612295694383 5.1927060757718655)
    (0.0 -2.541303285308955 5.215480256270147)
    (0.0 -2.503034679034901 5.236602266760383)
    (0.0 -2.463879593849257 5.256031750989594)
    (0.0 -2.42391284045832 5.273731586488723)
    (0.0 -2.3832107803624014 5.289667955499778)
    (0.0 -2.3418511799575934 5.303810409588897)
    (0.0 -2.299913061953304 5.316131927821913)
    (0.0 -2.25747655438945 5.326608968391234)
    (0.0 -2.2146227375417755 5.335221513595424)
    (0.0 -2.171433489007807 5.341953108085538)
    (0.0 -2.127991327269422 5.346790890305129)
    (0.0 -2.0843792540309276 5.349725617063865)
    (0.0 -2.040680595633887 5.35075168119781)
    (0.0 -1.9969788438516776 5.349867122282611)
    (0.0 -1.9533574963679807 5.347073630379135)
    (0.0 -1.9098998972439674 5.342376542804393)
    (0.0 -1.8666890776790102 5.3357848339339355)
    (0.0 -1.8238075973691477 5.3273110980551674)
    (0.0 -1.7813373867664242 5.316971525304391)
    (0.0 -1.7393595905404728 5.304785870733515)
    (0.0 -1.6979544125414328 5.290777416565547)
    (0.0 -1.65720096256043 5.27497292771098)
    (0.0 -1.6171771051803827 5.257402600630079)
    (0.0 -1.577959311005943 5.238100005638744)
    (0.0 -1.539622510556805 5.21710202276821)
    (0.0 -1.5022399511035387 5.1944487713011185)
    (0.0 -1.4658830567194854 5.170183533118587)
    (0.0 -1.4306212918160919 5.1443526700047455)
    (0.0 -1.3965220284224384 5.117005535066721)
    (0.0 -1.3636504174625137 5.088194378439339)
    (0.0 -1.3320692642761964 5.057974247454669)
    (0.0 -1.3018389086217663 5.026402881467196)
    (0.0 -1.2730171093892242 4.99354060153553)
    (0.0 -1.2441953101566814 4.960678321603863)
    (0.0 -1.213964954502252 4.929106955616391)
    (0.0 -1.1823838013159342 4.898886824631721)
    (0.0 -1.1495121903560093 4.870075668004339)
    (0.0 -1.115412926962356 4.842728533066316)
    (0.0 -1.0801511620589626 4.816897669952473)
    (0.0 -1.0437942676749086 4.792632431769942)
    (0.0 -1.0064117082216428 4.76997918030285)
    (0.0 -0.9680749077725052 4.748981197432316)
    (0.0 -0.9288571135980653 4.729678602440981)
    (0.0 -0.8888332562180178 4.71210827536008)
    (0.0 -0.8480798062370145 4.696303786505514)
    (0.0 -0.8066746282379754 4.682295332337545)
    (0.0 -0.7646968320120233 4.670109677766669)
    (0.0 -0.7222266214093004 4.659770105015893)
    (0.0 -0.679345141099438 4.651296369137126)
    (0.0 -0.6361343215344801 4.644704660266666)
    (0.0 -0.5926767224104669 4.640007572691926)
    (0.0 -0.5490553749267695 4.637214080788449)
    (0.0 -0.5053536231445613 4.63632952187325)
    (0.0 -0.46165496474752016 4.637355586007196)
    (0.0 -0.41804289150902585 4.640290312765932)
    (0.0 -0.37460072977064035 4.645128094985523)
    (0.0 -0.331411481236672 4.6518596894756366)
    (0.0 -0.28855766438899766 4.660472234679827)
    (0.0 -0.24612115682514377 4.670949275249147)
    (0.0 -0.20418303882085456 4.683270793482163)
    (0.0 -0.16282343841604643 4.6974132475712835)
    (0.0 -0.12212137832012877 4.713349616582337)
    (0.0 -0.08215462492919096 4.731049452081466)
    (0.0 -0.042999539743546394 4.750478936310677)
    (0.0 -0.004730933469492129 4.7716009468009135)
    (0.0 0.032578076915935075 4.794375127299195)
    (0.0 0.0688562078641246 4.8187579648743055)
    (0.0 0.10403414545106057 4.8447028730537145)
    (0.0 0.13804467781027574 4.872160280832872)
    (0.0 0.17082282354956418 4.901077727386851)
    (0.0 0.2023059559060855 4.931399962303327)
    (0.0 0.23243392240266167 4.963069051145437)
    (0.0 0.26114915977663467 4.996024486142788)
    (0.0 0.2883968039617089 5.030203301799153)
    (0.0 0.31412479491263684 5.065540195195958)
    (0.0 0.3382839760724719 5.101967650761706)
    (0.0 0.36082818829234387 5.1394160692689494)
    (0.0 0.38171435802430553 5.177813900812357)
    (0.0 0.4009025796187566 5.217087781513791)
    (0.0 0.41835619156919623 5.257162673693205)
    (0.0 0.4340418465586345 5.297962009237557)
    (0.0 0.44792957517382775 5.3394078358937955)
    (0.0 0.45999284316560674 5.381420966206433)
    (0.0 0.47020860214588994 5.423921128815123)
    (0.0 0.4785573336245227 5.4668271218231625)
    (0.0 0.4850230863018053 5.51005696794392)
    (0.0 0.4895935065454501 5.553528071128734)
    (0.0 0.4922598619937503 5.597157374377028)
    (0.0 0.4930170582398532 5.640861518427142)
    (0.0 0.4918636485652612 5.684557001024668)
    (0.0 0.4888018367039722 5.7281603364639935)
    (0.0 0.4838374726319678 5.771588215098216)
    (0.0 0.47698004139010025 5.814757662512694)
    (0.0 0.4682426449617294 5.8575861980580735)
    (0.0 0.45764197723974165 5.8999919924399284)
    (0.0 0.4451982921307688 5.941894024063907)
    (0.0 0.43093536485755657 5.983212233837653)
    (0.0 0.4148804465334183 6.023867678133756)
    (0.0 0.3970642120955611 6.063782679621461)
    (0.0 0.3775207016967654 6.102880975678967)
    (0.0 0.35628725566739966 6.141087864102735)
    (0.0 0.3334044431720329 6.17833034583543)
    (0.0 0.30891598469695053 6.2145372644397865)
    (0.0 0.2828686685166765 6.249639442051909)
    (0.0 0.2553122612990992 6.283569811554277)
    (0.0 0.2262994130200061 6.316263544715889)
    (0.0 0.19588555636869343 6.347658176054728)
    (0.0 0.1641288008368547 6.377693722185924)
    (0.0 0.13108982169309752 6.406312796427532)
    (0.0 0.09683174405523119 6.433460718444993)
    (0.0 0.061420022281796036 6.45908561872478)
    (0.0 0.02492231491329949 6.48313853767762)
    (0.0 -0.012591644597921687 6.505573519181928)
    (0.0 -0.05105018112222046 6.526347698388754)
    (0.0 -0.09037981479697192 6.545421383620458)
    (0.0 -0.13050540141907369 6.56275813220664)
    (0.0 -0.17135027601738353 6.578324820112439)
    (0.0 -0.21283639933077347 6.592091705226163)
    (0.0 -0.25488450691193226 6.604032484185323)
    (0.0 -0.29741426057204784 6.614124342632513)
    (0.0 -0.3403444018770014 6.622347998805106)
    (0.0 -0.3835929074018068 6.628687740375473)
    (0.0 -0.42707714544666725 6.633131454471373)
    (0.0 -0.47071403391520905 6.635670650819098)
    (0.0 -0.5144201990532564 6.636300477965226)
    (0.0 -0.5581121347448585 6.635019732545914)
    (0.0 -0.6017063620612116 6.631830861586088)
    (0.0 -0.645119588757626 6.626739957824091)
    (0.0 -0.6882688684138263 6.619756748070738)
    (0.0 -0.7310717589134929 6.610894574625032)
    (0.0 -0.7734464799602813 6.600170369782012)
    (0.0 -0.8153120693293471 6.587604623481491)
    (0.0 -0.8565885375558352 6.573221344159449)
    (0.0 -0.8971970207648042 6.557048012876898)
    (0.0 -0.9370599313505517 6.539115530813868)
    (0.0 -0.976101106217485 6.519458160228822)
    (0.0 -1.0142459522992708 6.498113458996314)
    (0.0 -1.05142158907826 6.475122208847942)
    (0.0 -1.0875569878328606 6.450528337453747)
    (0.0 -1.122583107346833 6.424378834492866)
)
